1 12 18 12
2 18 20 18
3 18 21 18
4 16 21 15
5 18 21 17
6 16 21 15
7 18 21 16
8 0 0 0
9 1 6 8
10 1 6 8
11 7 11 9
12 7 11 10
13 7 12 9
14 7 12 10
15 12 15 12
16 12 17 11
17 12 17 11
18 13 17 13
19 22 22 4
20 13 22 13
21 13 22 14
22 22 22 3
23 19 22 1
24 13 22 14
25 22 22 4
26 22 22 5
27 22 22 7
28 21 22 2
29 21 22 2
30 19 22 1
31 22 22 7
32 22 22 3
33 18 22 16
34 22 22 5
35 18 22 17
36 22 22 6
37 22 22 6
38 13 16 60
39 13 16 60
40 14 16 58
41 18 19 65
42 16 19 61
43 16 19 63
44 13 19 59
45 16 19 61
46 16 20 62
47 17 20 40
48 20 20 44
49 17 20 38
50 16 20 62
51 17 21 38
52 18 21 65
53 18 21 64
54 0 2 0
55 3 6 54
56 3 8 54
57 7 11 55
58 9 13 56
59 9 12 56
60 7 12 55
61 13 15 59
62 12 15 57
63 14 15 58
64 12 17 57
65 17 17 39
66 21 22 46
67 20 22 42
68 21 22 50
69 22 22 52
70 21 22 47
71 20 22 45
72 20 22 43
73 20 22 43
74 22 22 53
75 20 22 45
76 21 22 48
77 20 22 41
78 20 22 44
79 18 22 64
80 17 22 39
81 17 22 40
82 20 22 41
83 21 22 49
84 21 22 46
85 21 22 50
86 22 22 52
87 20 22 42
88 16 22 63
89 21 22 49
90 21 22 48
91 22 22 51
92 22 22 51
93 22 22 53
94 21 21 47
95 12 16 115
96 10 16 113
97 6 16 112
98 17 19 97
99 15 19 117
100 15 19 117
101 17 19 96
102 17 20 95
103 16 20 116
104 17 20 97
105 17 20 96
106 18 21 119
107 18 21 119
108 16 21 116
109 16 21 118
110 0 0 0
111 1 3 110
112 1 5 110
113 4 9 111
114 6 11 112
115 4 11 111
116 12 15 114
117 10 14 113
118 12 15 115
119 12 17 114
120 21 22 105
121 20 22 99
122 22 22 106
123 20 22 100
124 20 22 101
125 20 22 100
126 22 22 108
127 20 22 98
128 21 22 102
129 21 22 103
130 16 22 118
131 21 22 104
132 21 22 105
133 20 22 99
134 20 22 98
135 21 22 103
136 21 22 102
137 17 22 95
138 22 22 109
139 22 22 108
140 22 22 107
141 20 22 101
142 22 22 107
143 21 22 104
144 22 22 106
145 22 22 109
