1 0 0 0
2 1 6 1
3 1 6 1
4 7 11 2
5 7 12 2
6 7 11 3
7 7 12 3
8 12 17 4
9 12 17 4
10 13 17 5
11 13 22 5
12 12 15 6
13 12 18 6
14 14 22 7
15 13 22 7
16 13 13 7
17 18 21 8
18 18 22 8
19 18 21 9
20 18 22 9
21 18 21 10
22 18 20 10
23 16 21 12
24 16 21 12
25 19 22 13
26 19 22 13
27 22 22 17
28 22 22 17
29 22 22 19
30 22 22 19
31 22 22 21
32 22 22 21
33 21 22 22
34 21 22 22
35 22 22 23
36 22 22 23
37 22 22 24
38 22 22 24
39 0 2 0
40 3 6 39
41 3 8 39
42 7 11 40
43 7 12 40
44 9 13 41
45 9 12 41
46 12 15 42
47 12 17 42
48 13 16 43
49 13 16 43
50 14 16 44
51 14 15 44
52 13 19 45
53 13 15 45
54 16 20 46
55 16 20 46
56 18 22 47
57 18 21 47
58 17 20 48
59 17 21 48
60 17 22 49
61 17 17 49
62 17 20 50
63 17 20 50
64 16 22 51
65 16 19 51
66 20 20 52
67 20 22 52
68 16 19 53
69 16 19 53
70 21 22 54
71 21 22 54
72 21 22 55
73 21 22 55
74 22 22 57
75 22 22 57
76 21 22 58
77 21 22 58
78 22 22 59
79 22 22 59
80 18 19 61
81 18 21 61
82 21 22 62
83 21 21 62
84 22 22 63
85 20 22 65
86 20 22 65
87 21 22 66
88 21 22 66
89 20 22 68
90 20 22 68
91 20 22 69
92 20 22 69
93 20 22 80
94 20 22 80
95 22 22 81
96 22 22 81
97 20 20 0
98 21 22 0
99 21 22 0
